org_id remap_id
7 0
13 1
14 2
20 3
25 4
28 5
32 6
35 7
38 8
54 9
57 10
60 11
61 12
64 13
67 14
68 15
73 16
76 17
77 18
85 19
87 20
96 21
99 22
113 23
125 24
127 25
141 26
149 27
158 28
197 29
198 30
202 31
203 32
204 33
211 34
221 35
222 36
228 37
230 38
237 39
241 40
256 41
258 42
280 43
288 44
302 45
303 46
307 47
319 48
326 49
329 50
332 51
369 52
377 53
412 54
416 55
421 56
431 57
432 58
451 59
454 60
458 61
475 62
577 63
584 64
586 65
590 66
592 67
593 68
598 69
617 70
621 71
624 72
626 73
636 74
642 75
656 76
659 77
678 78
686 79
714 80
728 81
763 82
769 83
777 84
781 85
807 86
812 87
816 88
834 89
845 90
862 91
868 92
936 93
958 94
975 95
998 96
1012 97
1016 98
1027 99
1035 100
1055 101
1075 102
1080 103
1157 104
1205 105
1228 106
1257 107
1264 108
1288 109
1321 110
1322 111
1323 112
1330 113
1343 114
1401 115
1417 116
1458 117
1487 118
1504 119
1508 120
1525 121
1530 122
1538 123
1544 124
1611 125
1633 126
1680 127
1736 128
1740 129
1758 130
1768 131
1806 132
1837 133
1851 134
1891 135
1894 136
1896 137
1908 138
1909 139
1910 140
1911 141
1932 142
1935 143
1936 144
1957 145
1968 146
1971 147
1979 148
1981 149
2001 150
2054 151
2065 152
2072 153
2098 154
2157 155
2172 156
2178 157
2180 158
2189 159
2196 160
2201 161
2215 162
2229 163
2239 164
2245 165
2246 166
2249 167
2282 168
2284 169
2312 170
2345 171
2358 172
2360 173
2385 174
2386 175
2393 176
2427 177
2441 178
2496 179
2500 180
2504 181
2512 182
2542 183
2544 184
2567 185
2610 186
2616 187
2617 188
2622 189
2662 190
2664 191
2718 192
2720 193
2722 194
2729 195
2730 196
2739 197
2755 198
2756 199
2757 200
2816 201
2817 202
2820 203
2826 204
2828 205
2840 206
2841 207
2859 208
2863 209
2870 210
2873 211
2875 212
2910 213
2911 214
2921 215
2929 216
2983 217
2986 218
2991 219
3034 220
3052 221
3055 222
3056 223
3058 224
3060 225
3065 226
3066 227
3079 228
3122 229
3124 230
3153 231
3156 232
